14.1688305873
0.0
0.0
-4.23214064705
0.0
0.0
0.0
9.24338056842
0.0
0.0
0.0
0.0
95.5864376118
0.0
4.64584133932
-26.3201128551
0.0
0.0
16.6444084875
1.22128112635
0.0
0.0
0.0
-53.472914237
0.0
151.11915102
0.0
0.0
0.0
0.0
0.0
18.4284370885
1.86025025561
0.0
0.0
-10.2205642517
0.0
0.0
0.0
0.0
0.0
-35.6245461575
40.8233175075
0.0
0.0
0.0
0.0
0.0
19.3598175309
0.0
0.0
0.0
-3.09164302303
0.0
0.0
0.0
0.0
0.0
0.0
0.0
39.5637999803
0.0
0.0
-35.2989049165
0.0
0.0
0.0
0.0
0.0
0.527175537717
0.0
0.0
0.0
0.0
0.0
0.0
-0.351121080698
0.0
0.0
-13.4236449606
0.0
0.0
0.0
0.0
0.0
0.0
0.0
0.0
0.0
13.8600657778
0.0
-181.697723184
0.0
0.0
0.0
0.0
0.0
0.0
0.0
0.0
0.0
129.486918103
0.0
0.0
0.0
-68.950064966
-40.9820813158
0.0
0.0
-402.329835697
0.0
0.0
0.0
0.0
0.0
0.0
0.0
0.0
18.8897702057
0.0
-49.4346676258
0.0
0.0
-21.8458475035
0.0
-16.1462032175
0.0
0.0
0.0
0.0
0.0
0.0
0.0
0.0
0.0
0.0
0.0
0.0
0.0
0.0
0.0
0.0
0.0
0.0
-14.9288676739
-44.4150891983
0.0
0.0
0.0
0.0
