0.421947805391, 
0.0780091731517, 
0.0346539986315, 
0.0224340460952, 
0.0178477674543, 
0.0142529781263, 
0.0127471521193, 
0.0116522178604, 
0.0107239215836, 
0.0100596424578, 
0.00804344081272, 
0.007694405249, 
0.00714760960343, 
0.0064073325708, 
0.00582764546158, 
0.00549618333983, 
0.00508913200497, 
0.00498906683704, 
0.00455019415969, 
0.00422466461986, 
0.00406642924637, 
0.00385071161626, 
0.00376017563269, 
0.00367762992806, 
0.0034723403023, 
0.00336260612132, 
0.00319976510397, 
0.00313838348165, 
0.00304637208757, 
0.00299697763314, 
0.00293956281914, 
0.00284991394893, 
0.00272169182245, 
0.00266872853786, 
0.00261769023431, 
0.00259169623442, 
0.0025050861856, 
0.0024375725514, 
0.00240183615026, 
0.00238710539985, 
0.00226624437929, 
0.00221786445635, 
0.00220617239878, 
0.00212822945441, 
0.00210180270597, 
0.0020635051944, 
0.00204279685511, 
0.00194529357684, 
0.00191126387914, 
0.00189616257501, 
0.00185296144147, 
0.00180213315789, 
0.00169513430118, 
0.00168717577926, 
0.00167298872251, 
0.00161815419734, 
0.00160730194319, 
0.00157089319464, 
0.0015197111025, 
0.00149929259289, 
0.00147574989749, 
0.00144043859181, 
0.00141486616317, 
0.00138710073574, 
0.00135884591284, 
0.00134033996018, 
0.00131418854742, 
0.00129672632906, 
0.00128049139668, 
0.00127203768936, 
0.00123863315533, 
0.00123043289267, 
0.00119538521955, 
0.00118955688598, 
0.00117480467298, 
0.00113810261417, 
0.00112064199692, 
0.00109954731564, 
0.00109347118123, 
0.0010569704035, 
0.00105268007428, 
0.00103726830617, 
0.00102131213597, 
0.00101688647846, 
0.00099786832274, 
0.000994750365201, 
0.000974933551233, 
0.00096503946648, 
0.000951275738198, 
0.000944662819867, 
0.00093721745527, 
0.000924785774198, 
0.000913066927186, 
0.000907168204707, 
0.000888218575547, 
0.000884132636349, 
0.000877385387414, 
0.000869818360548, 
0.000862655422032, 
0.000854523169659, 
0.000848083137885, 
0.000836129676872, 
0.000829452100659, 
0.000822431997545, 
0.000820398094614, 
0.000801961701636, 
0.000797598949214, 
0.00078141596659, 
0.000777970083195, 
0.000767615628364, 
0.000761611910921, 
0.000757058065899, 
0.000751472249273, 
0.000748222053322, 
0.000740276139656, 
0.000732821952621, 
0.000726550965546, 
0.000718862990619, 
0.000706221589658, 
0.000704717289861, 
0.000703687479151, 
0.000687673248247, 
0.000686594108253, 
0.000680137373451, 
0.00067263363272, 
0.000668733768801, 
0.000665681530155, 
0.000659826487444, 
0.000654713347462, 
0.000649113147006, 
0.000643806837053, 
0.000642367134826, 
0.000638735856943, 
0.000634366179366, 
0.000631006863784, 
0.000623692618383, 
0.000622864842154, 
0.000613304514154, 
0.000608191612002, 
0.000606166444934, 
0.000605075582142, 
0.000597003236854, 
0.000593534612428, 
0.000591650539722, 
0.000585398293431, 
0.000581773781511, 
0.0005787915335, 
0.00057719715175, 
0.000573452156954, 
0.00056806235197,
